2.63 13.14
4.54 29.36
9.89 106.64
1.87 6.90
3.33 13.51
1.07 1.16
7.18 61.38
3.58 13.58
1.65 2.87
0.60 0.75
5.52 40.65
3.90 22.74
0.13 0.02
4.85 30.48
3.16 15.83
6.52 43.73
1.84 4.50
4.43 28.45
0.56 1.08
4.30 23.23
1.07 3.31
7.48 68.32
0.30 1.33
3.09 12.25
8.05 68.22
3.72 14.91
7.24 57.44
1.82 3.81
7.04 49.96
3.86 15.53
8.07 76.65
8.71 84.93
9.71 95.61
2.56 12.04
6.52 56.53
8.90 94.72
2.68 11.74
7.46 65.27
7.20 57.22
4.28 26.49
4.73 28.68
5.67 40.50
5.79 42.72
2.81 8.84
3.36 17.54
6.19 38.99
7.80 73.31
8.42 76.91
5.86 39.93
1.77 4.24
6.90 48.59
9.24 95.80
4.97 30.47
2.75 13.68
8.18 78.54
5.44 37.27
5.15 27.22
1.29 1.68
4.21 22.95
0.13 1.03
7.98 76.04
9.17 100.41
0.37 1.01
7.09 51.44
0.87 1.28
1.07 1.21
3.24 12.17
8.50 82.13
2.07 4.57
5.72 39.15
7.35 54.66
2.40 6.42
2.49 11.52
3.73 19.81
5.76 44.49
1.72 2.98
8.35 76.27
0.74 1.38
1.39 4.67
6.74 49.35
3.49 12.62
2.00 4.21
0.73 2.55
4.79 27.70
9.34 98.56
1.75 4.92
2.05 8.32
1.27 3.93
1.42 2.86
4.81 26.57
7.82 62.20
4.63 27.48
5.33 38.74
2.06 6.20
8.86 85.75
6.42 53.28
5.54 36.21
1.65 5.86
3.36 15.52
0.20 0.54
1.87 3.57
6.10 47.37
5.61 40.45
0.15 0.81
6.70 48.56
3.12 13.89
3.30 16.31
7.41 57.91
4.35 24.32
6.68 53.94
7.40 57.17
8.31 77.25
0.64 1.95
6.82 47.32
7.09 54.24
4.97 25.86
5.83 38.91
4.43 20.20
4.01 22.16
5.19 35.46
0.98 3.13
4.08 20.39
5.18 27.46
2.58 9.49
8.08 76.80
3.14 13.27
0.78 0.75
2.22 8.84
1.28 2.79
8.13 70.24
7.33 61.44
6.66 52.45
7.13 56.86
9.16 97.01
0.88 2.46
8.68 76.31
7.46 65.92
9.50 91.66
4.41 21.42
3.86 14.92
2.41 7.19
9.91 108.67
3.65 17.38
8.43 78.00
2.65 10.59
4.21 26.84
6.76 53.30
4.14 21.86
2.64 8.67
5.24 29.33
3.33 16.71
0.99 1.39
8.67 90.45
5.85 43.97
4.60 27.38
1.54 4.24
0.26 0.65
2.94 10.24
9.49 95.76
8.03 76.74
8.56 78.69
4.64 29.57
5.15 26.89
1.21 4.67
9.36 107.10
6.00 45.08
0.02 0.09
0.49 0.52
7.99 70.06
1.52 5.75
7.60 62.63
3.90 23.40
4.27 25.06
2.43 6.60
7.31 54.69
2.68 8.25
0.74 2.13
7.83 71.83
3.50 19.45
9.98 107.04
3.24 15.05
3.93 18.52
0.77 1.00
6.65 56.37
6.67 49.12
7.02 55.44
3.47 15.33
3.04 9.62
1.15 3.08
2.50 9.71
8.71 89.57
5.90 35.84
4.08 19.50
3.05 13.36
1.75 7.45
2.87 11.13
8.76 77.41
9.02 98.41
0.24 0.36
9.56 96.85
